63,3
69,3
69,5
2,6
2,3
1,3
76,3
76,0
0,305
0,302
0,304
0,303
60,3
0,12
0,1
0,11
0,10
60,0
0,8
0,300
0,299
0,298
0,297
0,296
0,295
0,294
0,293
0,292
0,291
0,290
0,289
0,288
0,287
0,422
0,286
0,285
0,284
0,283
0,282
0,281
0,280
0,279
0,278
0,277
0,276
0,275
0,274
0,273
0,272
0,271
0,270
0,269
0,268
0,267
0,266
0,265
0,264
0,263
0,262
0,261
0,260
0,259
0,258
0,257
0,256
0,255
0,254
0,253
0,252
0,251
0,250
0,249
0,248
0,247
0,246
0,245
0,244
0,242
0,241
0,240
0,239
0,238
0,237
0,236
0,235
0,234
0,233
0,232
0,231
0,230
0,229
0,228
0,227
0,226
0,225
0,224
0,223
0,222
0,221
0,220
0,219
0,218
0,217
0,216
0,215
0,214
0,213
0,212
0,211
0,210
0,209
0,208
0,207
0,206
0,205
0,204
0,203
0,202
0,201
0,200
0,199
0,198
0,197
0,196
0,195
0,194
0,193
0,192
0,63
0,62
0,61
0,60
0,59
0,58
0,57
0,56
0,319
0,55
0,54
0,53
0,52
0,51
0,50
0,49
0,48
0,47
0,46
0,45
0,6
77,5
47,3
55,3
85,3
85,4
89,4
89,1
89,3
89,0
86,4
86,1
86,3
86,0
61,5
61,4
61,0
69,4
63,0
47,0
90,1
90,3
90,0
69,0
55,0
85,1
85,0
2,4
2,0
1,1
1,0
4,1
4,3
4,0
77,4
77,3
77,2
77,1
77,0
76,4
76,2
76,1
69,1
63,1
61,7
61,1
61,6
61,3
60,1
55,1
47,1
42,3
42,1
26,3
26,1
23,4
23,1
22,3
22,1
21,3
21,1
19,3
19,1
15,3
15,1
13,1
13,3
10,3
10,1
9,3
9,1
8,1
8,4
6,4
6,1
5,3
5,1
2,1
2,5
0,408
0,376
0,363
0,357
0,341
0,340
0,339
0,338
0,336
0,322
16,1
16,3
16,0
0,9
0,310
0,308
0,307
0,0
0,434
0,433
0,437
0,432
0,436
